52	79	79	29	52
51	39	3	7	13
78	81	69	33	61
90	85	2	80	13
40	94	69	73	25
16	81	81	97	10
78	69	36	82	66
75	94	58	17	67
99	78	11	43	26
70	84	95	31	60
22	13	90	67	37
33	72	57	54	25
81	94	40	14	2
52	92	87	38	41
55	53	9	24	74
70	66	94	70	73
86	54	50	91	9
75	26	7	74	66
61	47	16	24	75
3	24	97	86	5
7d a1 bf 3f 17 1c ae e3 19 f5 
Set 1: 1179, 6287, 8172, 8173, 8709
Set 2: 1275, 4635, 4753, 6219, 7588
Set 3: 1013, 2684, 2740, 3552, 6266
Set 4: 189, 753, 945, 4956, 9514
Set 5: 170, 1607, 4172, 4218, 7716
Set 6: 2420, 3039, 6236, 7212, 9580
Set 7: 1351, 3473, 4532, 5939, 9237
Set 8: 155, 954, 1727, 5878, 8297
Set 9: 3269, 3423, 6398, 6960, 9283
Set 10: 3149, 4918, 5557, 7457, 7962
 3.3129499580e-2  -1.0908265980e+1
 4.6338362040e-1  -9.7808053700e-1
 1.5431850280e+0  -7.8381036360e-1
 6.0497216460e-1   7.6551783870e-1
-1.5175691760e+0   1.1099082940e+0
0.5972924165	0.5230439362
0.6704273643	0.3004530962
0.5380771276	0.9993039022
0.0688797400	0.0001530859
0.1331957170	0.6349677132
236143464326665144264312442532542565154232263523625664126423
1,9,8,2,3,7,0,4,5,6.